-2.186852507730631945e-01 5.759908502061837680e+03
1.939281626965718153e-01 5.891339929445440248e+03
-4.247887011164637738e-01 7.213898838171387979e+03
3.990793772317430266e-01 7.658400018708894095e+03
-6.300303965555196228e-01 1.539813967181985026e+04
6.052671769993960282e-01 1.753971435754058984e+04
-8.357984751346343444e-01 1.813691215921948969e+04
8.108630090612494179e-01 2.215264123056937751e+04
-1.041268832216318385e+00 1.026305973330369670e+04
1.016381912491460371e+00 9.301385570049327725e+03
-1.247322526330977288e+00 3.882386317860192776e+03
1.222406374613430158e+00 4.011743198974517782e+03
-1.452736908576262698e+00 2.159261102479319106e+03
1.427837368246153593e+00 2.282657713419978336e+03
-1.658542983364080570e+00 1.402804503225609778e+03
1.633563144717816051e+00 1.510042770700843221e+03
-1.864168372648494332e+00 9.931657666348618250e+02
1.839257330190321449e+00 1.102293718432160176e+03
-2.069684227263737242e+00 7.370881820665961186e+02
2.044746815969484821e+00 8.373248714972108928e+02
-2.275088406348055869e+00 5.582215808001504911e+02
2.250279468666069427e+00 6.454709993913268136e+02
-2.480530680989042391e+00 4.479326099787807038e+02
2.455626815908128258e+00 5.327314907799579942e+02
-2.685701755351063813e+00 3.603829890456818248e+02
2.660857700027672745e+00 4.405702354572612194e+02
-2.891165707768938997e+00 2.988582946116810604e+02
2.866226226902485852e+00 3.768729483584602917e+02
-3.096244266102149201e+00 2.565926507552636622e+02
3.071404316906479526e+00 3.194815826416392497e+02
-3.301364346933120419e+00 2.145160813263427428e+02
3.276520479057619895e+00 2.708401768866294219e+02
-3.506297857217279379e+00 1.889079128367160081e+02
3.481470237154645098e+00 2.223308286456061751e+02
-3.711273564423631655e+00 1.665197400378816042e+02
3.686362859755399235e+00 1.947734711273843686e+02
-3.916074345808086665e+00 1.399236767317160570e+02
3.891255587670978233e+00 1.825703873130732973e+02
-4.120689977854858910e+00 1.237524089895060087e+02
4.095856731862515865e+00 1.557168213341571743e+02
