-2.545999908447265625e+01 4.061000061035156250e+01 1.086000000000000000e+03
-2.893000030517578125e+01 -1.886000061035156250e+01 1.086000000000000000e+03
-1.543000030517578125e+01 -6.747000122070312500e+01 1.086000000000000000e+03
7.150000095367431641e+00 -7.655000305175781250e+01 1.086000000000000000e+03
2.553000068664550781e+01 -4.072000122070312500e+01 1.086000000000000000e+03
2.889999961853027344e+01 1.882999992370605469e+01 1.086000000000000000e+03
1.535999965667724609e+01 6.716999816894531250e+01 1.086000000000000000e+03
-7.119999885559082031e+00 7.616999816894531250e+01 1.086000000000000000e+03
-4.950000000000000000e+01 7.897000122070312500e+01 1.086000000000000000e+03
-5.636000061035156250e+01 -3.674000167846679688e+01 1.086000000000000000e+03
-3.011000061035156250e+01 -1.316399993896484375e+02 1.086000000000000000e+03
1.396000003814697266e+01 -1.493999938964843750e+02 1.086000000000000000e+03
4.975999832153320312e+01 -7.937999725341796875e+01 1.086000000000000000e+03
5.622000122070312500e+01 3.665000152587890625e+01 1.086000000000000000e+03
2.985000038146972656e+01 1.304900054931640625e+02 1.086000000000000000e+03
-1.381999969482421875e+01 1.479299926757812500e+02 1.086000000000000000e+03
-8.137999725341796875e+01 1.298300018310546875e+02 1.086000000000000000e+03
-9.288999938964843750e+01 -6.054999923706054688e+01 1.086000000000000000e+03
-4.972999954223632812e+01 -2.174100036621093750e+02 1.086000000000000000e+03
2.306999969482421875e+01 -2.468399963378906250e+02 1.086000000000000000e+03
8.208999633789062500e+01 -1.309600067138671875e+02 1.086000000000000000e+03
9.251999664306640625e+01 6.029999923706054688e+01 1.086000000000000000e+03
4.902000045776367188e+01 2.143000030517578125e+02 1.086000000000000000e+03
-2.269000053405761719e+01 2.428399963378906250e+02 1.086000000000000000e+03
-1.210100021362304688e+02 1.930599975585937500e+02 1.086000000000000000e+03
-1.385700073242187500e+02 -9.031999969482421875e+01 1.086000000000000000e+03
-7.437999725341796875e+01 -3.251600036621093750e+02 1.086000000000000000e+03
3.452000045776367188e+01 -3.693500061035156250e+02 1.086000000000000000e+03
1.225899963378906250e+02 -1.955800018310546875e+02 1.086000000000000000e+03
1.377400054931640625e+02 8.977999877929687500e+01 1.086000000000000000e+03
7.280000305175781250e+01 3.182500000000000000e+02 1.086000000000000000e+03
-3.368999862670898438e+01 3.604700012207031250e+02 1.086000000000000000e+03
-1.683099975585937500e+02 2.685199890136718750e+02 1.086000000000000000e+03
-1.934499969482421875e+02 -1.260899963378906250e+02 1.086000000000000000e+03
-1.041600036621093750e+02 -4.553500061035156250e+02 1.086000000000000000e+03
4.836999893188476562e+01 -5.175399780273437500e+02 1.086000000000000000e+03
1.713899993896484375e+02 -2.734299926757812500e+02 1.086000000000000000e+03
1.918300018310546875e+02 1.250400009155273438e+02 1.086000000000000000e+03
1.010800018310546875e+02 4.419100036621093750e+02 1.086000000000000000e+03
-4.675000000000000000e+01 5.002600097656250000e+02 1.086000000000000000e+03
-2.231600036621093750e+02 3.560199890136718750e+02 1.086000000000000000e+03
-2.576000061035156250e+02 -1.679100036621093750e+02 1.086000000000000000e+03
-1.391999969482421875e+02 -6.085499877929687500e+02 1.086000000000000000e+03
6.468000030517578125e+01 -6.921500244140625000e+02 1.086000000000000000e+03
2.285899963378906250e+02 -3.646900024414062500e+02 1.086000000000000000e+03
2.547400054931640625e+02 1.660500030517578125e+02 1.086000000000000000e+03
1.337700042724609375e+02 5.847999877929687500e+02 1.086000000000000000e+03
-6.183000183105468750e+01 6.615800170898437500e+02 1.086000000000000000e+03
-2.854100036621093750e+02 4.553399963378906250e+02 1.086000000000000000e+03
-3.310899963378906250e+02 -2.158200073242187500e+02 1.086000000000000000e+03
-1.796600036621093750e+02 -7.854600219726562500e+02 1.086000000000000000e+03
8.355000305175781250e+01 -8.940599975585937500e+02 1.086000000000000000e+03
2.943599853515625000e+02 -4.696099853515625000e+02 1.086000000000000000e+03
3.263900146484375000e+02 2.127500000000000000e+02 1.086000000000000000e+03
1.707100067138671875e+02 7.463300170898437500e+02 1.086000000000000000e+03
-7.884999847412109375e+01 8.437100219726562500e+02 1.086000000000000000e+03
-3.549299926757812500e+02 5.662399902343750000e+02 1.086000000000000000e+03
-4.140299987792968750e+02 -2.698699951171875000e+02 1.086000000000000000e+03
-2.257400054931640625e+02 -9.868699951171875000e+02 1.086000000000000000e+03
1.050800018310546875e+02 -1.124349975585937500e+03 1.086000000000000000e+03
3.688699951171875000e+02 -5.884899902343750000e+02 1.086000000000000000e+03
4.067000122070312500e+02 2.651000061035156250e+02 1.086000000000000000e+03
2.117799987792968750e+02 9.258800048828125000e+02 1.086000000000000000e+03
-9.773999786376953125e+01 1.045849975585937500e+03 1.086000000000000000e+03
-4.315400085449218750e+02 6.884699707031250000e+02 1.086000000000000000e+03
-5.065100097656250000e+02 -3.301499938964843750e+02 1.086000000000000000e+03
-2.776300048828125000e+02 -1.213729980468750000e+03 1.086000000000000000e+03
1.293600006103515625e+02 -1.384219970703125000e+03 1.086000000000000000e+03
4.523200073242187500e+02 -7.216300048828125000e+02 1.086000000000000000e+03
4.955899963378906250e+02 3.230400085449218750e+02 1.086000000000000000e+03
2.568200073242187500e+02 1.122770019531250000e+03 1.086000000000000000e+03
-1.184199981689453125e+02 1.267140014648437500e+03 1.086000000000000000e+03
-5.150599975585937500e+02 8.217299804687500000e+02 1.086000000000000000e+03
-6.086500244140625000e+02 -3.967300109863281250e+02 1.086000000000000000e+03
-3.355799865722656250e+02 -1.467109985351562500e+03 1.086000000000000000e+03
1.565500030517578125e+02 -1.675099975585937500e+03 1.086000000000000000e+03
5.449600219726562500e+02 -8.694099731445312500e+02 1.086000000000000000e+03
5.929400024414062500e+02 3.865000000000000000e+02 1.086000000000000000e+03
3.056499938964843750e+02 1.336250000000000000e+03 1.086000000000000000e+03
-1.408000030517578125e+02 1.506640014648437500e+03 1.086000000000000000e+03
-6.053200073242187500e+02 9.657199707031250000e+02 1.086000000000000000e+03
-7.205800170898437500e+02 -4.696900024414062500e+02 1.086000000000000000e+03
-3.998900146484375000e+02 -1.748250000000000000e+03 1.086000000000000000e+03
1.867799987792968750e+02 -1.998640014648437500e+03 1.086000000000000000e+03
6.470300292968750000e+02 -1.032260009765625000e+03 1.086000000000000000e+03
6.986699829101562500e+02 4.554100036621093750e+02 1.086000000000000000e+03
3.581000061035156250e+02 1.565560058593750000e+03 1.086000000000000000e+03
-1.648000030517578125e+02 1.763380004882812500e+03 1.086000000000000000e+03
-7.020900268554687500e+02 1.120109985351562500e+03 1.086000000000000000e+03
-8.424500122070312500e+02 -5.491300048828125000e+02 1.086000000000000000e+03
-4.708699951171875000e+02 -2.058560058593750000e+03 1.086000000000000000e+03
2.202500000000000000e+02 -2.356689941406250000e+03 1.086000000000000000e+03
7.588300170898437500e+02 -1.210630004882812500e+03 1.086000000000000000e+03
8.126599731445312500e+02 5.297100219726562500e+02 1.086000000000000000e+03
4.139899902343750000e+02 1.809869995117187500e+03 1.086000000000000000e+03
-1.903099975585937500e+02 2.036349975585937500e+03 1.086000000000000000e+03
-8.051799926757812500e+02 1.284579956054687500e+03 1.086000000000000000e+03
-9.744299926757812500e+02 -6.351500244140625000e+02 1.086000000000000000e+03
-5.488900146484375000e+02 -2.399649902343750000e+03 1.086000000000000000e+03
2.571300048828125000e+02 -2.751419921875000000e+03 1.086000000000000000e+03
8.807000122070312500e+02 -1.405050048828125000e+03 1.086000000000000000e+03
9.347899780273437500e+02 6.093200073242187500e+02 1.086000000000000000e+03
4.731099853515625000e+02 2.068350097656250000e+03 1.086000000000000000e+03
-2.172400054931640625e+02 2.324500000000000000e+03 1.086000000000000000e+03
-9.143599853515625000e+02 1.458750000000000000e+03 1.086000000000000000e+03
-1.116689941406250000e+03 -7.278800048828125000e+02 1.086000000000000000e+03
-6.343699951171875000e+02 -2.773330078125000000e+03 1.086000000000000000e+03
2.976799926757812500e+02 -3.185270019531250000e+03 1.086000000000000000e+03
1.013000000000000000e+03 -1.616119995117187500e+03 1.086000000000000000e+03
1.064939941406250000e+03 6.941599731445312500e+02 1.086000000000000000e+03
5.352800292968750000e+02 2.340120117187500000e+03 1.086000000000000000e+03
-2.454900054931640625e+02 2.626770019531250000e+03 1.086000000000000000e+03
-1.029390014648437500e+03 1.642280029296875000e+03 1.086000000000000000e+03
-1.269430053710937500e+03 -8.274400024414062500e+02 1.086000000000000000e+03
-7.277700195312500000e+02 -3.181679931640625000e+03 1.086000000000000000e+03
3.421499938964843750e+02 -3.661060058593750000e+03 1.086000000000000000e+03
1.156130004882812500e+03 -1.844479980468750000e+03 1.086000000000000000e+03
1.202979980468750000e+03 7.841400146484375000e+02 1.086000000000000000e+03
6.002800292968750000e+02 2.624330078125000000e+03 1.086000000000000000e+03
-2.749500122070312500e+02 2.942080078125000000e+03 1.086000000000000000e+03
-1.150060058593750000e+03 1.834780029296875000e+03 1.086000000000000000e+03
-1.432869995117187500e+03 -9.339799804687500000e+02 1.086000000000000000e+03
-8.296400146484375000e+02 -3.627050048828125000e+03 1.086000000000000000e+03
3.908299865722656250e+02 -4.182000000000000000e+03 1.086000000000000000e+03
1.310569946289062500e+03 -2.090860107421875000e+03 1.086000000000000000e+03
1.348790039062500000e+03 8.791699829101562500e+02 1.086000000000000000e+03
6.679299926757812500e+02 2.920070068359375000e+03 1.086000000000000000e+03
-3.055400085449218750e+02 3.269350097656250000e+03 1.086000000000000000e+03
-1.276109985351562500e+03 2.035880004882812500e+03 1.086000000000000000e+03
-1.607260009765625000e+03 -1.047650024414062500e+03 1.086000000000000000e+03
-9.405900268554687500e+02 -4.112100097656250000e+03 1.086000000000000000e+03
4.440799865722656250e+02 -4.751759765625000000e+03 1.086000000000000000e+03
1.476800048828125000e+03 -2.356060058593750000e+03 1.086000000000000000e+03
1.502209960937500000e+03 9.791799926757812500e+02 1.086000000000000000e+03
7.380200195312500000e+02 3.226479980468750000e+03 1.086000000000000000e+03
-3.371400146484375000e+02 3.607520019531250000e+03 1.086000000000000000e+03
-1.407300048828125000e+03 2.245179931640625000e+03 1.086000000000000000e+03
-1.792849975585937500e+03 -1.168619995117187500e+03 1.086000000000000000e+03
-1.061310058593750000e+03 -4.639859863281250000e+03 1.086000000000000000e+03
5.022799987792968750e+02 -5.374569824218750000e+03 1.086000000000000000e+03
1.655390014648437500e+03 -2.640979980468750000e+03 1.086000000000000000e+03
1.663119995117187500e+03 1.084060058593750000e+03 1.086000000000000000e+03
8.103400268554687500e+02 3.542649902343750000e+03 1.086000000000000000e+03
-3.696600036621093750e+02 3.955510009765625000e+03 1.086000000000000000e+03
-1.543390014648437500e+03 2.462300048828125000e+03 1.086000000000000000e+03
-1.989930053710937500e+03 -1.297089965820312500e+03 1.086000000000000000e+03
-1.192599975585937500e+03 -5.213810058593750000e+03 1.086000000000000000e+03
5.659000244140625000e+02 -6.055299804687500000e+03 1.086000000000000000e+03
1.846959960937500000e+03 -2.946610107421875000e+03 1.086000000000000000e+03
1.831369995117187500e+03 1.193729980468750000e+03 1.086000000000000000e+03
8.847000122070312500e+02 3.867739990234375000e+03 1.086000000000000000e+03
-4.030100097656250000e+02 4.312290039062500000e+03 1.086000000000000000e+03
-1.684140014648437500e+03 2.686850097656250000e+03 1.086000000000000000e+03
-2.198810058593750000e+03 -1.433239990234375000e+03 1.086000000000000000e+03
-1.335339965820312500e+03 -5.837879882812500000e+03 1.086000000000000000e+03
6.354600219726562500e+02 -6.799569824218750000e+03 1.086000000000000000e+03
2.052199951171875000e+03 -3.274050048828125000e+03 1.086000000000000000e+03
2.006819946289062500e+03 1.308089965820312500e+03 1.086000000000000000e+03
9.609000244140625000e+02 4.200870117187500000e+03 1.086000000000000000e+03
-4.370799865722656250e+02 4.676859863281250000e+03 1.086000000000000000e+03
-8.340000000000000000e+02 -2.276610107421875000e+03 1.086000000000000000e+03
-7.864199829101562500e+02 -1.115380004882812500e+03 1.086000000000000000e+03
-1.321199951171875000e+03 3.022750000000000000e+03 1.086000000000000000e+03
9.375599975585937500e+02 2.049300048828125000e+03 1.086000000000000000e+03
-4.322200012207031250e+02 4.439700012207031250e+02 1.086000000000000000e+03
1.526100006103515625e+02 -1.019869995117187500e+03 1.086000000000000000e+03
-1.124619995117187500e+03 9.897100219726562500e+02 1.086000000000000000e+03
5.301199951171875000e+02 3.774310058593750000e+03 1.086000000000000000e+03
-5.557399902343750000e+02 4.432410156250000000e+03 1.086000000000000000e+03
3.518699951171875000e+02 4.109979980468750000e+03 1.086000000000000000e+03
-2.402899932861328125e+02 1.045390014648437500e+03 1.086000000000000000e+03
-2.153600006103515625e+02 5.260300292968750000e+02 1.086000000000000000e+03
1.518500061035156250e+02 -7.430000000000000000e+02 1.086000000000000000e+03
-1.330949951171875000e+03 -2.587770019531250000e+03 1.086000000000000000e+03
9.676199951171875000e+02 2.546110107421875000e+03 1.086000000000000000e+03
1.266290039062500000e+03 2.294459960937500000e+03 1.086000000000000000e+03
